0 0 0 0
-0.0296413 -0.0250819 -0.0250819 2.63138
0.0165221 -0.0803881 -0.0803881 2.47258
0.00048897 -0.0964463 -0.0964463 2.23466
-0.015712 -0.123365 -0.123365 1.78543
0.0344365 -0.17388 -0.17388 1.16466
0.0939134 -0.241625 -0.241625 0.495005
0.0428262 -0.249061 -0.249061 0.315449
0.02668 -0.270371 -0.270371 0.272975
-0.0732533 -0.289543 -0.289543 0.45587
-0.138065 -0.361256 -0.361256 0.873682
-0.245524 -0.437909 -0.437909 1.33775
-0.277456 -0.496082 -0.496082 1.72215
-0.339362 -0.625021 -0.625021 2.3044
-0.390856 -0.693399 -0.693399 2.86287
-0.478883 -0.714017 -0.714017 3.44892
-0.502335 -0.753649 -0.753649 3.99672
-0.5318 -0.759238 -0.759238 4.17715
-0.322181 -0.934866 -0.934866 4.03303
-0.483304 -1.04382 -1.04382 4.56643
-0.548332 -1.06051 -1.06051 5.07582
-0.589131 -1.14212 -1.14212 5.52149
-0.688809 -1.21827 -1.21827 6.20011
-0.834659 -1.28585 -1.28585 6.99911
-0.930112 -1.39501 -1.39501 7.51858
-0.992109 -1.46803 -1.46803 7.82099
-1.17808 -1.50222 -1.50222 8.69022
-1.31113 -1.6325 -1.6325 9.07509
-1.47569 -1.67577 -1.67577 9.41904
-1.57036 -1.81265 -1.81265 9.85467
-1.63718 -1.83704 -1.83704 10.1578
-1.61578 -1.96126 -1.96126 10.8141
-1.69111 -2.02014 -2.02014 11.3062
-1.70131 -2.16148 -2.16148 11.8047
-1.77792 -2.27332 -2.27332 12.287
-1.81564 -2.41752 -2.41752 12.6959
-1.88074 -2.49502 -2.49502 13.0517
-1.95619 -2.63994 -2.63994 13.3612
-2.07558 -2.72443 -2.72443 13.6552
-2.18686 -2.82187 -2.82187 14.051
-2.28836 -2.94648 -2.94648 14.6576
-2.33394 -3.0578 -3.0578 14.8538
-2.3917 -3.12985 -3.12985 15.2991
-2.52264 -3.21661 -3.21661 15.4798
-2.58198 -3.36543 -3.36543 15.7835
-2.65585 -3.50228 -3.50228 16.2587
-2.85142 -3.57459 -3.57459 16.6321
-3.06435 -3.69081 -3.69081 17.0104
-3.18215 -3.79843 -3.79843 17.7713
-3.26192 -3.90804 -3.90804 17.7256
-3.40711 -4.00827 -4.00827 18.0361
-3.52123 -4.11138 -4.11138 18.1079
-3.64049 -4.19457 -4.19457 18.2583
-3.76773 -4.28584 -4.28584 18.303
-3.94379 -4.46724 -4.46724 19.3752
-4.13475 -4.5783 -4.5783 20.0329
-4.20197 -4.72573 -4.72573 20.2829
-4.2799 -4.85665 -4.85665 20.6512
-4.45395 -4.95951 -4.95951 21.0135
-4.69126 -5.01682 -5.01682 21.3804
-4.8036 -5.15294 -5.15294 21.9691
-4.95804 -5.24969 -5.24969 22.2253
-5.07854 -5.39829 -5.39829 22.678
-5.27031 -5.54785 -5.54785 23.3423
-5.41951 -5.72532 -5.72532 23.6647
-5.65587 -5.80163 -5.80163 23.8351
-5.87229 -5.94834 -5.94834 24.2419
-6.05295 -6.10069 -6.10069 24.7341
-6.20463 -6.21694 -6.21694 25.2396
-6.43134 -6.30519 -6.30519 25.9013
-6.63343 -6.45212 -6.45212 26.5718
-6.87894 -6.62483 -6.62483 27.3092
-7.21586 -6.70517 -6.70517 27.7191
-7.41651 -6.90216 -6.90216 28.446
-7.68728 -6.95848 -6.95848 28.7407
-7.94992 -7.00612 -7.00612 28.9824
-8.21228 -7.08609 -7.08609 29.4603
-8.49319 -7.16983 -7.16983 29.7824
-8.80755 -7.25793 -7.25793 30.3136
-9.13321 -7.37265 -7.37265 30.9076
-9.4202 -7.46179 -7.46179 31.5759
-9.73939 -7.51961 -7.51961 32.021
-10.0238 -7.60195 -7.60195 32.484
-10.3123 -7.69575 -7.69575 33.0494
-10.6055 -7.77871 -7.77871 33.6198
-10.9209 -7.82575 -7.82575 34.0387
-11.2086 -7.96627 -7.96627 34.7247
-11.3877 -8.15218 -8.15218 35.5101
-11.6284 -8.32741 -8.32741 36.3207
-11.9004 -8.52126 -8.52126 37.1798
-12.2089 -8.64131 -8.64131 37.811
-12.5243 -8.77005 -8.77005 38.5484
-12.8723 -8.87318 -8.87318 39.0344
-13.1798 -8.98622 -8.98622 39.8281
-13.5544 -8.91772 -8.91772 39.7083
-13.825 -9.03031 -9.03031 40.4546
-14.1297 -9.23403 -9.23403 41.2589
-14.3016 -9.33245 -9.33245 41.9941
-14.6072 -9.58092 -9.58092 42.9675
-14.9201 -9.56684 -9.56684 43.0224
-15.1762 -9.6489 -9.6489 43.6053
-15.503 -9.8087 -9.8087 44.2717
-15.8638 -9.96468 -9.96468 44.9642
-16.0823 -10.0513 -10.0513 45.4622
-16.3134 -10.1865 -10.1865 45.8458
-16.5071 -10.317 -10.317 46.391
-16.6365 -10.3911 -10.3911 46.8009
-16.7664 -10.5417 -10.5417 47.1712
-16.7986 -10.5652 -10.5652 46.9975
-17.0157 -10.7663 -10.7663 47.5699
-17.2565 -10.932 -10.932 48.1399
-17.5918 -11.0621 -11.0621 48.8007
-17.9715 -11.1966 -11.1966 49.3377
-18.5186 -11.2906 -11.2906 49.8352
-18.9368 -11.4407 -11.4407 50.5503
-19.429 -11.6149 -11.6149 51.2445
-19.904 -11.7169 -11.7169 51.7279
-20.3267 -11.886 -11.886 52.3529
-20.8092 -12.0342 -12.0342 52.9135
-21.2884 -12.1267 -12.1267 53.3632
-21.8001 -12.3059 -12.3059 54.0481
-22.1189 -12.6364 -12.6364 54.9628
-22.464 -12.9152 -12.9152 55.7927
-22.8779 -13.0865 -13.0865 56.2819
-23.311 -13.2403 -13.2403 56.809
-23.7012 -13.4233 -13.4233 57.3097
-24.1217 -13.5515 -13.5515 57.2421
-24.5538 -13.6972 -13.6972 57.2094
-24.9789 -13.8378 -13.8378 57.4339
-25.2839 -14.0579 -14.0579 57.5994
-25.3498 -13.8316 -13.8316 56.0629
-25.8285 -14.0665 -14.0665 56.3433
-26.3954 -14.0041 -14.0041 56.9738
-26.8523 -13.8482 -13.8482 57.9877
-27.1463 -14.0458 -14.0458 58.3019
-27.7304 -14.1973 -14.1973 58.5546
-28.1704 -14.2956 -14.2956 58.4607
-28.744 -14.4593 -14.4593 58.9514
-29.1833 -14.5457 -14.5457 59.1396
-29.4733 -14.6964 -14.6964 59.5706
-30.0558 -15.4553 -15.4553 61.6625
-30.418 -15.7063 -15.7063 62.2076
-30.8575 -15.8863 -15.8863 62.7685
-31.4479 -16.0693 -16.0693 63.4569
-31.9344 -16.2747 -16.2747 64.0686
-32.2576 -16.4853 -16.4853 64.5804
-32.5744 -16.6279 -16.6279 65.2365
-32.9263 -16.7724 -16.7724 65.7924
-33.4002 -17.0345 -17.0345 66.6739
-33.724 -17.2675 -17.2675 67.1884
-33.9981 -17.4989 -17.4989 67.6119
-34.1255 -17.6873 -17.6873 68.0375
-33.7277 -17.5111 -17.5111 66.165
-34.1417 -17.7534 -17.7534 66.8683
-34.5705 -17.9766 -17.9766 67.4554
-35.0324 -18.2824 -18.2824 68.1354
-35.3492 -18.5528 -18.5528 68.7184
-35.6182 -18.8138 -18.8138 68.6391
-35.7628 -18.6043 -18.6043 68.7708
-34.6669 -18.5305 -18.5305 63.2957
-34.9099 -18.7981 -18.7981 63.8174
-35.309 -19.1601 -19.1601 64.5771
-35.4742 -19.3763 -19.3763 64.8533
-35.9884 -19.6348 -19.6348 65.7219
-36.5185 -19.8966 -19.8966 66.4145
-36.8018 -20.1984 -20.1984 66.9688
-37.1304 -20.4999 -20.4999 67.6171
-37.604 -20.793 -20.793 68.3761
-37.8469 -21.0832 -21.0832 68.9563
-38.3564 -21.3891 -21.3891 69.6356
-38.6241 -21.6973 -21.6973 70.2521
-39.0852 -21.9964 -21.9964 71.115
-39.4634 -22.2507 -22.2507 71.7824
-39.9757 -22.5947 -22.5947 72.62
-40.3665 -22.9396 -22.9396 73.2519
-40.783 -23.2537 -23.2537 73.7964
-41.1559 -23.551 -23.551 74.1998
-41.6205 -23.9185 -23.9185 74.9136
-41.685 -24.1981 -24.1981 75.155
-40.5016 -23.5481 -23.5481 68.3709
-40.7529 -23.939 -23.939 68.7892
-41.1132 -24.126 -24.126 69.2396
-41.5837 -24.2812 -24.2812 69.894
-41.5979 -24.5051 -24.5051 69.8432
-40.8668 -24.5091 -24.5091 67.825
-41.2673 -24.8419 -24.8419 68.3651
-41.5028 -25.048 -25.048 68.5546
-41.6566 -25.2813 -25.2813 68.804
-42.0612 -25.6124 -25.6124 69.4178
-42.2509 -25.9861 -25.9861 70.0996
-42.5704 -26.1681 -26.1681 70.6508
-42.9531 -26.4295 -26.4295 71.0887
-43.4792 -26.691 -26.691 71.5061
-43.8017 -27.0743 -27.0743 72.3059
-43.9804 -27.3008 -27.3008 72.7002
-44.2597 -27.752 -27.752 73.5214
-44.6672 -27.9588 -27.9588 73.9795
-45.0653 -28.2868 -28.2868 74.6988
-45.5701 -28.482 -28.482 74.8602
-45.9061 -28.7162 -28.7162 75.554
-46.3116 -28.8282 -28.8282 75.8149
-46.7183 -28.9229 -28.9229 75.8764
-47.162 -29.1378 -29.1378 76.1297
-47.2964 -29.3615 -29.3615 76.57
-47.8087 -29.7523 -29.7523 76.9856
-48.0755 -30.1621 -30.1621 77.4554
-48.5723 -30.4035 -30.4035 77.9176
-47.4721 -29.5598 -29.5598 73.4535
-47.9408 -29.7953 -29.7953 73.8933
-48.2043 -29.9365 -29.9365 74.0761
-48.5267 -30.1235 -30.1235 74.2903
-48.9406 -30.4235 -30.4235 74.5621
-49.3614 -30.8172 -30.8172 75.1186
-49.6157 -31.3525 -31.3525 75.5994
-50.2344 -31.6632 -31.6632 75.8517
-50.0672 -30.6294 -30.6294 72.8073
-50.5203 -31.0363 -31.0363 73.2732
-51.079 -31.516 -31.516 74.0245
-51.4147 -31.9486 -31.9486 74.5108
-50.9965 -31.78 -31.78 73.7511
-51.5817 -32.2279 -32.2279 74.373
-52.2583 -32.3792 -32.3792 75.0556
-52.8397 -32.8949 -32.8949 75.7638
-53.0183 -32.8194 -32.8194 75.747
-53.4979 -33.2568 -33.2568 76.391
-54.0855 -33.3817 -33.3817 76.8087
-54.7899 -33.6997 -33.6997 77.5981
-55.1207 -33.8308 -33.8308 77.7394
-51.7513 -32.6436 -32.6436 68.8458
-52.2014 -32.7754 -32.7754 69.0546
-52.5739 -33.0507 -33.0507 69.4599
-53.1042 -33.5025 -33.5025 70.1828
-53.1456 -33.697 -33.697 70.1669
-53.8771 -34.066 -34.066 71.0888
-54.5056 -34.349 -34.349 71.8465
-55.4779 -34.8668 -34.8668 73.1073
-56.0297 -35.2735 -35.2735 73.8581
-54.0271 -34.2332 -34.2332 69.2406
-53.0205 -33.1896 -33.1896 66.2926
-53.0233 -33.2117 -33.2117 65.7982
-53.024 -33.2326 -33.2326 65.3356
-53.0253 -33.2579 -33.2579 64.9149
-53.0255 -33.2828 -33.2828 64.524
-53.0456 -33.2994 -33.2994 64.1884
-53.0547 -33.3206 -33.3206 63.8795
-53.0659 -33.3442 -33.3442 63.6108
-53.0773 -33.3706 -33.3706 63.3805
-53.081 -33.394 -33.394 63.1819
-53.0937 -33.4201 -33.4201 63.0302
-53.1015 -33.4457 -33.4457 62.917
-53.1035 -33.4718 -33.4718 62.839
-53.108 -33.4965 -33.4965 62.8029
-53.1129 -33.5259 -33.5259 62.8097
-53.1091 -33.5538 -33.5538 62.8493
-53.1114 -33.5695 -33.5695 62.9288
-53.1342 -33.5908 -33.5908 63.0705
-53.1444 -33.6217 -33.6217 63.2457
-53.1518 -33.6471 -33.6471 63.4558
-53.1576 -33.6747 -33.6747 63.7066
-53.1767 -33.6908 -33.6908 63.9984
-53.1874 -33.7286 -33.7286 64.3352
-53.1845 -33.7661 -33.7661 64.704
-53.2115 -33.7856 -33.7856 65.1255
-53.2185 -33.8113 -33.8113 65.5658
-53.2431 -33.8394 -33.8394 66.0711
-53.2475 -33.8644 -33.8644 66.5832
-53.2448 -33.8938 -33.8938 67.1311
-53.2486 -33.9195 -33.9195 67.7178
-53.2511 -33.9479 -33.9479 68.3343
-53.2524 -33.9736 -33.9736 68.9862
-53.2456 -34.0099 -34.0099 69.672
48.2204